30 18
69 22 29 26 5 77 71 7 39 87 55 51 3 71 41 35 59 45
39 45 46 14 95 85 51 27 98 79 53 84 97 61 23 83 61 95
44 97 13 12 95 53 58 20 29 67 23 25 88 29 3 77 46 2
5 0 64 0 49 3 0 0 39 0 0 0 0 0 0 0 0 0
17 22 3 13 60 74 49 48 60 2 84 78 16 74 38 12 52 36
24 20 16 28 44 48 64 38 58 22 34 20 6 54 28 78 4 92
33 0 56 11 29 16 6 90 80 88 79 64 7 0 40 58 0 9
0 0 46 0 0 0 0 0 88 32 0 0 0 0 66 0 0 0
94 61 67 25 74 53 39 6 23 33 28 92 84 7 21 31 0 0
0 47 0 0 6 0 89 15 68 16 0 31 66 82 22 59 35 10
18 99 78 56 80 50 50 78 19 48 58 72 60 43 40 54 62 80
0 0 96 47 0 0 0 0 52 46 0 6 13 28 0 0 0 0
97 37 27 0 39 73 55 79 0 68 0 51 0 95 0 0 85 79
58 51 47 18 11 47 89 54 85 92 4 16 60 35 21 24 45 49
17 7 26 85 64 49 58 81 61 38 15 14 78 36 23 29 55 85
84 66 56 36 98 88 22 50 50 4 84 38 4 48 70 52 76 34
98 29 46 98 68 78 86 6 27 79 11 12 99 21 21 37 37 69
5 88 94 58 80 42 15 98 81 47 84 23 33 27 99 34 73 39
0 0 0 77 0 0 22 0 0 0 0 0 25 97 0 0 47 0
0 0 0 0 0 23 9 0 0 0 0 11 21 93 0 0 0 35
27 5 43 37 7 93 17 95 69 79 51 15 79 87 77 7 71 73
77 62 27 31 29 15 16 23 3 95 9 62 27 74 69 6 97 51
88 93 50 52 34 44 14 86 87 24 62 32 86 14 10 88 48 24
50 41 8 96 14 80 12 64 12 49 87 76 94 78 97 98 65 77
0 0 0 0 0 29 0 0 0 0 5 6 0 0 0 18 28 0
73 15 69 71 69 72 45 29 93 24 35 6 21 33 37 44 6 63
0 94 35 78 14 0 26 0 92 0 0 0 39 0 66 6 64 59
0 0 91 65 9 7 96 32 4 31 71 25 42 14 17 2 0 59
0 0 0 0 0 0 17 0 0 0 0 0 0 29 0 0 13 0
81 52 59 75 49 11 67 53 43 31 6 99 11 55 27 12 59 31
