40 10
38 58 31 54 72 48 38 59 47 8
50 68 13 30 30 2 88 96 28 72
70 56 58 42 10 92 78 52 26 2
99 71 87 23 75 15 23 57 43 35
94 48 37 0 87 76 63 28 43 19
0 17 0 0 55 0 50 73 0 0
22 93 0 78 8 80 26 66 24 34
28 12 46 47 84 7 11 62 20 48
61 74 43 97 56 81 63 78 46 4
68 0 0 0 30 0 0 0 4 28
10 52 0 42 46 97 85 87 31 15
52 72 63 94 18 38 40 10 42 40
92 0 33 78 44 37 22 15 96 85
56 95 83 13 60 76 87 90 36 66
92 64 58 86 42 68 0 12 0 0
46 52 95 65 18 4 95 28 98 40
29 40 62 0 0 89 79 85 0 0
0 0 0 71 0 0 0 0 88 4
64 8 86 51 75 64 92 86 28 76
18 51 75 61 89 0 72 69 69 49
80 92 83 2 78 4 66 92 24 4
30 2 49 3 87 37 78 29 74 58
0 0 0 76 0 97 0 75 0 19
81 34 64 23 9 98 28 81 56 38
0 93 6 50 0 37 0 59 0 0
0 68 62 0 27 98 53 0 0 0
34 84 88 66 32 98 25 78 68 10
45 44 69 51 57 59 74 53 31 34
0 3 96 95 84 9 0 38 50 97
99 24 5 98 8 56 95 72 81 5
95 33 98 93 65 55 89 32 79 33
0 80 41 46 78 22 78 98 2 42
85 38 46 0 0 55 75 0 10 0
0 0 0 0 51 0 0 69 0 23
0 0 32 0 49 88 52 0 0 50
72 0 0 0 90 0 0 0 0 39
0 23 44 32 29 70 0 66 58 92
21 13 55 63 21 55 0 62 0 0
56 18 12 8 84 64 82 60 32 78
0 0 0 0 17 51 0 18 45 0
