100
68 531 879
85 1380 356
78 1889 268
66 268 189
82 159 418
96 1477 721
72 1280 453
94 1677 324
79 1937 831
73 1142 687
68 1735 202
83 462 724
77 2005 564
77 1693 286
88 2066 599
73 139 186
55 1905 806
53 1270 66
70 709 501
58 449 470
99 1320 968
82 1586 734
51 620 369
60 181 796
56 567 6
63 310 629
71 301 784
94 1852 969
99 1073 696
79 1595 111
94 245 747
80 1815 973
52 1135 541
98 624 145
67 1623 242
89 608 988
59 684 205
63 168 418
61 2060 131
70 1570 479
81 105 890
89 1945 268
75 852 791
52 823 617
62 191 513
69 81 442
98 1137 380
64 1948 968
79 515 387
51 1278 180
97 2043 701
92 1852 49
80 197 140
56 1163 377
75 1917 35
88 331 897
73 1966 392
90 818 560
76 980 53
84 673 130
97 998 120
72 1849 484
50 1434 331
89 132 722
53 1373 21
61 867 854
50 1546 53
62 1696 805
80 947 169
86 145 756
61 703 853
61 1648 997
54 1453 983
87 1370 245
77 434 637
84 306 550
50 493 753
73 728 478
60 1991 228
77 651 191
73 1786 102
84 322 640
77 1361 445
59 233 452
81 1683 330
59 1089 41
81 1124 680
58 1981 993
85 1029 806
56 415 36
71 1704 169
88 631 18
58 1051 616
77 152 775
65 1029 977
68 444 130
75 1769 28
67 500 902
95 1039 202
59 1479 658
